min_max_pulp :  [693.0425770532429, 228.45773987270206, 103.32785184487392, 62.902713283849806, 49.2329158008583, 40.933611629819126, 33.99625794626943, 29.120764128853466, 25.864972879812772, 23.388377504113983]
min_max_greedy :  [693.7117659779135, 232.04098085426673, 106.07411003730587, 65.29990905474014, 52.123773192274136, 43.11602489307856, 36.88195981871081, 31.247001603546387, 28.65044911660807, 25.795339575198778]

approximate_rate_to_optimal
min_max_pulp = [1.0, 1.0, 1.0, 1.0, 1.0, 1.0, 1.0, 1.0, 1.0, 1.0]
min_max_greedy = [1.0027365009264948, 1.0411711279134426, 1.0532118412350688, 1.0477814644460473, 1.0721988116113448, 1.0616693943272948, 1.0854351744548032, 1.079352569108254, 1.1112301430106855, 1.1093936304471732]
