min_max_pulp :  [256.67841127899703, 199.09244649245207, 74.19313688382363, 53.34561569125386, 45.73996054932988, 37.96210505235044, 33.20497327280864]
min_max_greedy :  [257.4656287575076, 201.5117383574134, 76.88633619210671, 57.49568140617907, 49.51473123741279, 41.06504088619102, 36.2563156217881]
