min_max_pulp :  [113.43033388309506, 98.20052034834265, 63.053657994156076, 57.835355071194236, 50.758289111394, 47.60323309744479, 45.23932898680623, 41.494771145843316, 39.42959636317361, 37.29045659245515]
min_max_greedy :  [114.34600203014848, 99.43362913427272, 64.32975178084935, 60.390162769267434, 57.02868737816441, 49.73985539191787, 46.94181695056273, 45.45595002550015, 41.839234804685766, 40.80127840959905]

approximate_rate_to_optimal
min_max_pulp = [1.0, 1.0, 1.0, 1.0, 1.0, 1.0, 1.0, 1.0, 1.0, 1.0]
min_max_greedy = [1.0126989356378615, 1.0302554698141042, 1.031322722123787, 1.0647484601219355, 1.124614388362059, 1.0909728697660797, 1.0661572424324774, 1.162699072700124, 1.1261224799728515, 1.1760681937222637]
