200user
10service
s/a = 10
price 1-5
p=0.2


min_max_pulp :  [103.43391044344298, 82.28167550285428, 71.54334682891061, 64.25865954483092, 58.017457942798146, 48.178416628413885, 24.167984891465995, 20.771513518455766, 18.77298021166824, 17.2025666177793]
min_max_greedy :  [105.25560029101165, 83.38032360032022, 73.41937729869562, 66.97803524165748, 63.968278351059936, 56.880198559477606, 46.30670152417351, 22.86064627698599, 20.825701370364456, 19.249891359494487]


approximate_rate_to_optimal
min_max_pulp = [1.0, 1.0, 1.0, 1.0, 1.0, 1.0, 1.0, 1.0, 1.0, 1.0]
min_max_greedy = [1.0339160628073436, 1.0252278913718678, 1.0415524253345114, 1.0641174809830836, 1.1633687561312644, 1.1666973617656138, 1.453572163926259, 1.1045281100389368, 1.1171918714403666, 1.1299201824076075]
