min_max_pulp :  [61.51708295278135, 46.37638875567727, 40.37914788055925, 37.60578068768035, 35.15872145793174, 33.477751239872276, 31.739217100335104, 30.538465271543263, 29.326473247799207, 28.30687599310289]
min_max_greedy :  [63.947804673370676, 47.67428647533122, 41.19042639311314, 38.387630005142704, 36.502570380975456, 34.48110941742169, 32.77967827341077, 31.52014040582175, 30.721906738941033, 29.896521795746008]

approximate_rate_to_optimal
min_max_pulp = [1.0, 1.0, 1.0, 1.0, 1.0, 1.0, 1.0, 1.0, 1.0, 1.0]
min_max_greedy = [1.0373424617054003, 1.0379106939849507, 1.0257053461869952, 1.0301312472378767, 1.0515262344503475, 1.0538407047287095, 1.0546574656352399, 1.0522604084643037, 1.0753681951113307, 1.1031501500284155]
