min_max_pulp :  [230.18112553729603, 131.06500757852956, 89.22650813284196, 60.656159319976176, 48.58080887369519, 40.72782809950249, 32.82613448112221, 28.852590845597543, 25.707707582831485, 23.015534503426643]
min_max_greedy :  [234.5317520451613, 138.31278928711222, 92.83496509245684, 63.57746804634978, 51.22671121615219, 45.4733158622633, 36.58110439413949, 31.81453127273906, 28.276399669073797, 26.10613021309989]

approximate_rate_to_optimal
min_max_pulp = [1.0, 1.0, 1.0, 1.0, 1.0, 1.0, 1.0, 1.0, 1.0, 1.0]
min_max_greedy = [1.0314777675459588, 1.0673346534154808, 1.0525980628715954, 1.0598042842452498, 1.0547081779013452, 1.0969200685598228, 1.102895326100784, 1.1032413765570985, 1.1074604662898917, 1.1275195422676334]
