min_max_pulp :  [208.96958011952057, 85.89529640490353, 62.72500508781769, 52.39416901853352, 43.12918338215747, 35.866740723125545, 30.740919932232195]
min_max_greedy :  [210.47169858041204, 88.05599570924309, 64.90213772184515, 55.42267481564006, 48.13371938548298, 38.56886584281529, 33.78635071424407]
