min_max_pulp :  [342.34378899595936, 214.62205123228034, 76.27463452570228, 60.165856054141656, 44.26243606929174, 37.187753869414344, 32.74431167477699]
min_max_greedy :  [347.9115463750796, 225.74245754885106, 81.36607474054412, 62.808762110141195, 50.459381188345205, 40.809531586141645, 35.49225659354965]
